6.024374771118164062e+01 3.283124923706054688e+01 1.380000000000000000e+02 1.170000000000000000e+02 7.200000000000000000e+01
1.220812454223632812e+02 1.785000000000000000e+02 3.600000000000000000e+01 1.400000000000000000e+01 0.000000000000000000e+00
1.262249984741210938e+02 1.392937469482421875e+02 7.700000000000000000e+01 4.900000000000000000e+01 1.000000000000000000e+01
1.361062469482421875e+02 1.125187454223632812e+02 9.600000000000000000e+01 7.100000000000000000e+01 3.000000000000000000e+01
6.661875152587890625e+01 1.504499969482421875e+02 5.800000000000000000e+01 2.900000000000000000e+01 0.000000000000000000e+00
1.638374938964843750e+02 9.179999542236328125e+01 1.640000000000000000e+02 1.450000000000000000e+02 1.130000000000000000e+02
1.533187408447265625e+02 1.558687438964843750e+02 7.900000000000000000e+01 4.100000000000000000e+01 4.000000000000000000e+00
8.510624694824218750e+01 7.108124542236328125e+01 1.890000000000000000e+02 1.840000000000000000e+02 1.650000000000000000e+02
1.504499969482421875e+02 7.363124847412109375e+01 2.060000000000000000e+02 1.800000000000000000e+02 1.190000000000000000e+02
1.542749938964843750e+02 3.856874847412109375e+01 1.870000000000000000e+02 1.540000000000000000e+02 8.300000000000000000e+01
1.010437469482421875e+02 1.099687500000000000e+02 2.700000000000000000e+01 1.300000000000000000e+01 4.000000000000000000e+00
1.386562500000000000e+02 1.338750000000000000e+02 3.600000000000000000e+01 8.000000000000000000e+00 0.000000000000000000e+00
1.169812469482421875e+02 1.227187500000000000e+02 9.700000000000000000e+01 5.400000000000000000e+01 1.200000000000000000e+01
5.227499771118164062e+01 1.141124954223632812e+02 9.000000000000000000e+01 6.900000000000000000e+01 2.600000000000000000e+01
1.625625000000000000e+02 4.813124847412109375e+01 1.850000000000000000e+02 1.570000000000000000e+02 8.400000000000000000e+01
9.052500152587890625e+01 8.988749694824218750e+01 1.980000000000000000e+02 1.930000000000000000e+02 1.870000000000000000e+02
3.283124923706054688e+01 3.219374847412109375e+01 1.750000000000000000e+02 1.770000000000000000e+02 1.720000000000000000e+02
1.150687484741210938e+02 3.506249904632568359e+00 6.500000000000000000e+01 5.000000000000000000e+01 7.000000000000000000e+00
1.644749908447265625e+02 3.601874923706054688e+01 1.800000000000000000e+02 1.530000000000000000e+02 7.600000000000000000e+01
2.677499961853027344e+01 8.287500000000000000e+01 1.540000000000000000e+02 1.440000000000000000e+02 1.320000000000000000e+02
7.873124694824218750e+01 1.689374923706054688e+01 9.000000000000000000e+01 7.600000000000000000e+01 3.700000000000000000e+01
9.466874694824218750e+01 4.558124923706054688e+01 1.610000000000000000e+02 1.470000000000000000e+02 1.020000000000000000e+02
4.940625000000000000e+01 2.291812438964843750e+02 2.500000000000000000e+01 1.300000000000000000e+01 1.000000000000000000e+00
6.215625000000000000e+01 1.230374984741210938e+02 1.720000000000000000e+02 1.490000000000000000e+02 1.070000000000000000e+02
1.093312454223632812e+02 1.938000030517578125e+02 4.900000000000000000e+01 1.500000000000000000e+01 0.000000000000000000e+00
3.856874847412109375e+01 9.594374847412109375e+01 5.700000000000000000e+01 4.600000000000000000e+01 2.400000000000000000e+01
9.243750000000000000e+01 3.856874847412109375e+01 9.600000000000000000e+01 6.900000000000000000e+01 2.200000000000000000e+01
6.980625152587890625e+01 2.393812408447265625e+02 6.800000000000000000e+01 4.600000000000000000e+01 9.000000000000000000e+00
1.584187469482421875e+02 1.988999938964843750e+02 4.400000000000000000e+01 1.500000000000000000e+01 1.000000000000000000e+00
1.198499984741210938e+02 1.957124938964843750e+02 8.900000000000000000e+01 4.400000000000000000e+01 5.000000000000000000e+00
1.759499969482421875e+02 7.618125152587890625e+01 1.650000000000000000e+02 1.260000000000000000e+02 3.500000000000000000e+01
2.773124885559082031e+01 7.076249694824218750e+01 2.270000000000000000e+02 2.200000000000000000e+02 2.100000000000000000e+02
1.565062408447265625e+02 2.148374938964843750e+02 1.800000000000000000e+01 0.000000000000000000e+00 0.000000000000000000e+00
5.769374847412109375e+01 1.019999980926513672e+01 3.600000000000000000e+01 2.800000000000000000e+01 1.500000000000000000e+01
7.650000000000000000e+01 2.441624908447265625e+02 7.500000000000000000e+01 5.400000000000000000e+01 9.000000000000000000e+00
3.697499847412109375e+01 9.243750000000000000e+01 1.620000000000000000e+02 1.570000000000000000e+02 1.510000000000000000e+02
1.160250015258789062e+02 1.944375000000000000e+02 1.110000000000000000e+02 6.800000000000000000e+01 2.300000000000000000e+01
1.243125000000000000e+02 1.794562530517578125e+02 5.300000000000000000e+01 2.400000000000000000e+01 6.000000000000000000e+00
1.211250019073486328e+01 1.574624938964843750e+02 1.090000000000000000e+02 8.900000000000000000e+01 8.800000000000000000e+01
1.083750000000000000e+02 6.725624847412109375e+01 1.680000000000000000e+02 1.560000000000000000e+02 1.340000000000000000e+02
3.091874885559082031e+01 2.460749969482421875e+02 1.170000000000000000e+02 9.900000000000000000e+01 7.500000000000000000e+01
5.737500000000000000e+01 1.020000000000000000e+02 1.650000000000000000e+02 1.550000000000000000e+02 1.460000000000000000e+02
1.249499969482421875e+02 7.012500000000000000e+01 1.950000000000000000e+02 1.720000000000000000e+02 1.300000000000000000e+02
1.765874938964843750e+02 1.230374984741210938e+02 1.390000000000000000e+02 1.100000000000000000e+02 4.400000000000000000e+01
1.227187500000000000e+02 6.151874923706054688e+01 1.870000000000000000e+02 1.700000000000000000e+02 1.180000000000000000e+02
1.099687500000000000e+02 8.925000190734863281e+00 9.500000000000000000e+01 8.000000000000000000e+01 3.700000000000000000e+01
1.676624908447265625e+02 6.375000000000000000e+01 1.810000000000000000e+02 1.510000000000000000e+02 7.800000000000000000e+01
1.396125030517578125e+02 2.177062530517578125e+02 1.600000000000000000e+01 0.000000000000000000e+00 0.000000000000000000e+00
8.478749847412109375e+01 6.534375000000000000e+01 1.890000000000000000e+02 1.820000000000000000e+02 1.630000000000000000e+02
8.925000000000000000e+01 4.303125000000000000e+01 1.610000000000000000e+02 1.460000000000000000e+02 1.050000000000000000e+02
