1.396900000000000000e+04
7.522000000000000000e+03
1.179400000000000000e+04
4.966000000000000000e+03
1.395100000000000000e+04
3.869000000000000000e+03
8.713000000000000000e+03
6.958000000000000000e+03
2.785000000000000000e+03
7.581000000000000000e+03
1.470700000000000000e+04
1.441100000000000000e+04
9.217000000000000000e+03
1.834400000000000000e+04
5.827000000000000000e+03
6.170000000000000000e+03
5.878000000000000000e+03
7.775000000000000000e+03
8.695000000000000000e+03
6.528000000000000000e+03
9.692000000000000000e+03
9.567000000000000000e+03
1.333000000000000000e+04
6.882000000000000000e+03
9.089000000000000000e+03
8.471000000000000000e+03
4.212000000000000000e+03
1.780200000000000000e+04
1.048000000000000000e+04
6.758000000000000000e+03
3.794000000000000000e+03
7.743000000000000000e+03
1.381200000000000000e+04
1.077900000000000000e+04
2.008600000000000000e+04
3.000000000000000000e+03
4.411000000000000000e+03
9.452000000000000000e+03
1.602500000000000000e+04
4.207000000000000000e+03
1.254400000000000000e+04
4.893000000000000000e+03
8.353000000000000000e+03
7.116000000000000000e+03
8.717000000000000000e+03
9.983000000000000000e+03
4.776000000000000000e+03
1.290500000000000000e+04
6.211000000000000000e+03
4.850000000000000000e+03
