2.514841651916503906e+01 2.345551872253417969e+01 1.108084793090820312e+02 9.977055358886718750e+01 8.132723236083984375e+01
1.198148956298828125e+02 1.851884918212890625e+02 2.016990470886230469e+01 5.592061042785644531e+00 2.026886224746704102e+00
9.102696228027343750e+01 1.688178405761718750e+02 8.703648376464843750e+01 5.486915588378906250e+01 1.505614948272705078e+01
1.429316101074218750e+02 1.156537475585937500e+02 1.051169891357421875e+02 7.213597869873046875e+01 2.289106178283691406e+01
5.338927459716796875e+01 1.511568756103515625e+02 4.362738037109375000e+01 2.612720298767089844e+01 7.415256023406982422e+00
1.681670989990234375e+02 1.382789306640625000e+02 1.606754455566406250e+02 1.429805603027343750e+02 1.258086929321289062e+02
1.485659790039062500e+02 1.559075775146484375e+02 7.681163787841796875e+01 4.031843566894531250e+01 6.318670749664306641e+00
8.144906616210937500e+01 7.374490356445312500e+01 1.896880950927734375e+02 1.812608642578125000e+02 1.674855804443359375e+02
1.574782104492187500e+02 8.839839935302734375e+01 1.961135711669921875e+02 1.790422363281250000e+02 1.457566375732421875e+02
1.528861541748046875e+02 3.520196533203125000e+01 1.797515258789062500e+02 1.513808441162109375e+02 8.196728515625000000e+01
9.459297943115234375e+01 1.267592315673828125e+02 1.426846790313720703e+01 4.204685688018798828e+00 1.806622028350830078e+00
1.435828552246093750e+02 1.148446273803710938e+02 3.151918601989746094e+01 1.167984390258789062e+01 2.516386747360229492e+00
8.987400054931640625e+01 1.193464279174804688e+02 8.834209442138671875e+01 5.953197860717773438e+01 1.884694862365722656e+01
2.650820159912109375e+01 1.208632125854492188e+02 9.587419128417968750e+01 7.926853179931640625e+01 5.954609680175781250e+01
1.559013366699218750e+02 6.726631164550781250e+01 1.912671356201171875e+02 1.625065002441406250e+02 9.533338928222656250e+01
8.074217987060546875e+01 9.225975799560546875e+01 1.935068054199218750e+02 1.868088836669921875e+02 1.803056030273437500e+02
1.886790847778320312e+01 4.549948501586914062e+01 1.973865661621093750e+02 1.954905395507812500e+02 1.877748870849609375e+02
1.196727142333984375e+02 1.042207908630371094e+01 7.419363403320312500e+01 5.267399978637695312e+01 1.379089355468750000e+01
1.652971343994140625e+02 2.242038726806640625e+01 1.598243865966796875e+02 1.294617462158203125e+02 4.862886047363281250e+01
3.699039077758789062e+01 7.931986236572265625e+01 1.351156005859375000e+02 1.213709335327148438e+02 9.302878570556640625e+01
4.559394836425781250e+01 2.583006858825683594e+01 8.991688537597656250e+01 7.661824035644531250e+01 4.737729644775390625e+01
1.036705703735351562e+02 4.250325012207031250e+01 1.407475585937500000e+02 1.198119430541992188e+02 7.036531829833984375e+01
4.792870330810546875e+01 2.121971740722656250e+02 2.698038673400878906e+01 1.521934032440185547e+01 2.581866502761840820e+00
8.437843322753906250e+01 1.562849273681640625e+02 1.333637390136718750e+02 1.045332565307617188e+02 5.514436340332031250e+01
8.348709106445312500e+01 1.936584014892578125e+02 2.214706230163574219e+01 9.392327308654785156e+00 2.618168592453002930e+00
2.853683471679687500e+01 8.817608642578125000e+01 7.230959320068359375e+01 5.819144821166992188e+01 3.388198089599609375e+01
9.724503326416015625e+01 4.998621368408203125e+01 9.225547027587890625e+01 7.002817535400390625e+01 2.836376380920410156e+01
2.003325271606445312e+01 2.049676361083984375e+02 7.879293823242187500e+01 5.947230529785156250e+01 3.206144714355468750e+01
1.628678131103515625e+02 1.847090606689453125e+02 4.826019287109375000e+01 1.561856460571289062e+01 2.742296695709228516e+00
1.472221679687500000e+02 2.393535614013671875e+02 8.649319458007812500e+01 5.484103012084960938e+01 7.636323451995849609e+00
1.690744476318359375e+02 9.137412261962890625e+01 1.532223663330078125e+02 1.159605636596679688e+02 3.016372680664062500e+01
1.419865226745605469e+01 7.560704803466796875e+01 2.338285980224609375e+02 2.327364654541015625e+02 2.215526123046875000e+02
1.619696655273437500e+02 2.204656829833984375e+02 2.291368103027343750e+01 5.175836563110351562e+00 1.647657990455627441e+00
6.859870147705078125e+01 1.863362503051757812e+01 3.883475494384765625e+01 2.986013984680175781e+01 1.065873527526855469e+01
8.569977569580078125e+01 2.292186584472656250e+02 7.767958831787109375e+01 5.220501708984375000e+01 1.056640815734863281e+01
2.038327407836914062e+01 7.056259155273437500e+01 1.716089935302734375e+02 1.649612426757812500e+02 1.528605499267578125e+02
1.388886871337890625e+02 2.468364105224609375e+02 1.345999603271484375e+02 1.208012084960937500e+02 9.469239044189453125e+01
1.234957275390625000e+02 1.736823577880859375e+02 5.771718215942382812e+01 2.700339698791503906e+01 4.210607051849365234e+00
2.031491851806640625e+01 1.698233947753906250e+02 9.877831268310546875e+01 8.236029052734375000e+01 7.259553527832031250e+01
9.866508483886718750e+01 5.939577484130859375e+01 1.677330627441406250e+02 1.536294250488281250e+02 1.219097595214843750e+02
3.299364852905273438e+01 2.422652282714843750e+02 1.187941131591796875e+02 1.026168365478515625e+02 8.219762420654296875e+01
6.141549682617187500e+01 1.024535140991210938e+02 1.745142974853515625e+02 1.641687622070312500e+02 1.460106964111328125e+02
1.206114654541015625e+02 8.479562377929687500e+01 1.950209045410156250e+02 1.758093414306640625e+02 1.285403289794921875e+02
1.563618621826171875e+02 1.438513793945312500e+02 1.252335968017578125e+02 9.567757415771484375e+01 4.708896255493164062e+01
1.350502014160156250e+02 5.729985046386718750e+01 1.930278472900390625e+02 1.691458587646484375e+02 1.090473175048828125e+02
1.219172210693359375e+02 1.772359657287597656e+01 1.144795608520507812e+02 9.006497955322265625e+01 3.359964370727539062e+01
1.644040832519531250e+02 7.295171356201171875e+01 1.728668975830078125e+02 1.419467163085937500e+02 7.043441009521484375e+01
1.230516967773437500e+02 2.212167205810546875e+02 1.709868049621582031e+01 6.181758403778076172e+00 2.000439643859863281e+00
7.017581939697265625e+01 6.172513961791992188e+01 1.796162109375000000e+02 1.689413909912109375e+02 1.429866790771484375e+02
5.984926223754882812e+01 4.852185821533203125e+01 1.588768768310546875e+02 1.435669097900390625e+02 1.062824249267578125e+02
