2.607168388366699219e+01 2.566611099243164062e+01 1.113862762451171875e+02 1.001570892333984375e+02 8.116966247558593750e+01
1.159881515502929688e+02 1.838083648681640625e+02 2.043473243713378906e+01 5.679199695587158203e+00 2.046538114547729492e+00
9.606153106689453125e+01 1.669498443603515625e+02 8.536430358886718750e+01 5.268815994262695312e+01 1.379070854187011719e+01
1.408167266845703125e+02 1.186389999389648438e+02 1.065320968627929688e+02 7.473783111572265625e+01 2.668806266784667969e+01
5.378791427612304688e+01 1.525530700683593750e+02 4.572677230834960938e+01 2.773035621643066406e+01 7.958574771881103516e+00
1.685799255371093750e+02 1.375572967529296875e+02 1.616152038574218750e+02 1.441807250976562500e+02 1.274924697875976562e+02
1.507587432861328125e+02 1.561974639892578125e+02 7.677746582031250000e+01 3.993460464477539062e+01 6.130049228668212891e+00
8.045037841796875000e+01 7.535958862304687500e+01 1.899025878906250000e+02 1.815326995849609375e+02 1.682041168212890625e+02
1.546553649902343750e+02 8.485377502441406250e+01 1.972431640625000000e+02 1.785115661621093750e+02 1.395751647949218750e+02
1.517061920166015625e+02 3.555434799194335938e+01 1.804345855712890625e+02 1.522868347167968750e+02 8.360647583007812500e+01
9.326621246337890625e+01 1.268346405029296875e+02 1.461698436737060547e+01 4.445212364196777344e+00 1.824772357940673828e+00
1.434202117919921875e+02 1.149340972900390625e+02 3.137273025512695312e+01 1.162693214416503906e+01 2.500843763351440430e+00
9.106284332275390625e+01 1.216944046020507812e+02 8.984704589843750000e+01 6.035428237915039062e+01 1.870658302307128906e+01
2.865998458862304688e+01 1.215802078247070312e+02 9.534918212890625000e+01 7.812265014648437500e+01 5.611544799804687500e+01
1.561861724853515625e+02 6.524208831787109375e+01 1.914054870605468750e+02 1.622580566406250000e+02 9.436740112304687500e+01
8.136476135253906250e+01 9.268024444580078125e+01 1.939043579101562500e+02 1.872616424560546875e+02 1.808834228515625000e+02
1.893903350830078125e+01 4.407859420776367188e+01 1.955071411132812500e+02 1.937530059814453125e+02 1.868386077880859375e+02
1.191946411132812500e+02 1.053475952148437500e+01 7.344082641601562500e+01 5.205398178100585938e+01 1.365008354187011719e+01
1.649951629638671875e+02 2.236455154418945312e+01 1.606434326171875000e+02 1.304051513671875000e+02 5.008419036865234375e+01
3.600317001342773438e+01 7.815226745605468750e+01 1.378983764648437500e+02 1.244894714355468750e+02 9.678227996826171875e+01
4.493802261352539062e+01 2.507806968688964844e+01 8.974557495117187500e+01 7.651953887939453125e+01 4.747716903686523438e+01
1.038403091430664062e+02 4.277349472045898438e+01 1.413264923095703125e+02 1.204277114868164062e+02 7.098623657226562500e+01
4.885309600830078125e+01 2.110089874267578125e+02 2.597388839721679688e+01 1.439972400665283203e+01 2.418877124786376953e+00
8.249267578125000000e+01 1.505272064208984375e+02 1.370828399658203125e+02 1.094028930664062500e+02 6.177804183959960938e+01
8.587604522705078125e+01 1.966216735839843750e+02 2.496158981323242188e+01 1.128529834747314453e+01 2.976688623428344727e+00
2.853001022338867188e+01 8.680156707763671875e+01 7.209690093994140625e+01 5.822805023193359375e+01 3.430240249633789062e+01
9.750328826904296875e+01 4.975407409667968750e+01 9.254953002929687500e+01 7.027165985107421875e+01 2.852447700500488281e+01
2.222845840454101562e+01 2.057968902587890625e+02 7.742418670654296875e+01 5.804839324951171875e+01 3.014269828796386719e+01
1.627786102294921875e+02 1.852419738769531250e+02 4.748828125000000000e+01 1.517790603637695312e+01 2.735927104949951172e+00
1.470556793212890625e+02 2.388712158203125000e+02 8.573175048828125000e+01 5.403547286987304688e+01 7.136713027954101562e+00
1.699031219482421875e+02 8.558554840087890625e+01 1.554411621093750000e+02 1.186509246826171875e+02 3.278137207031250000e+01
1.446543788909912109e+01 7.486174011230468750e+01 2.332770385742187500e+02 2.320777282714843750e+02 2.205691986083984375e+02
1.621467437744140625e+02 2.207837677001953125e+02 2.303628158569335938e+01 5.228828907012939453e+00 1.657930612564086914e+00
6.830960845947265625e+01 1.865917778015136719e+01 3.867903137207031250e+01 2.977144241333007812e+01 1.062381362915039062e+01
8.634696960449218750e+01 2.289234161376953125e+02 7.845475769042968750e+01 5.257003402709960938e+01 1.031012916564941406e+01
2.030270195007324219e+01 7.298509979248046875e+01 1.740533294677734375e+02 1.671569671630859375e+02 1.545396118164062500e+02
1.364015197753906250e+02 2.439984588623046875e+02 1.347545776367187500e+02 1.194003677368164062e+02 9.068864440917968750e+01
1.249906921386718750e+02 1.737922515869140625e+02 5.761058807373046875e+01 2.673221015930175781e+01 4.013689517974853516e+00
2.054631423950195312e+01 1.677199096679687500e+02 9.864144897460937500e+01 8.205703735351562500e+01 7.173099517822265625e+01
9.813353729248046875e+01 6.087985229492187500e+01 1.687548370361328125e+02 1.550614318847656250e+02 1.255705566406250000e+02
3.190089035034179688e+01 2.405096588134765625e+02 1.173455963134765625e+02 1.009249572753906250e+02 7.997353363037109375e+01
6.086058044433593750e+01 1.011326446533203125e+02 1.748584136962890625e+02 1.645872955322265625e+02 1.463889923095703125e+02
1.203838195800781250e+02 8.500083923339843750e+01 1.951688690185546875e+02 1.760312805175781250e+02 1.289066772460937500e+02
1.562889862060546875e+02 1.427637329101562500e+02 1.275113296508789062e+02 9.717132568359375000e+01 4.583516693115234375e+01
1.337030944824218750e+02 5.747557449340820312e+01 1.921399230957031250e+02 1.686214752197265625e+02 1.086551208496093750e+02
1.221696014404296875e+02 1.765541648864746094e+01 1.146044387817382812e+02 9.021974182128906250e+01 3.362885665893554688e+01
1.641625976562500000e+02 7.335700988769531250e+01 1.737075042724609375e+02 1.430724639892578125e+02 7.233860015869140625e+01
1.240980148315429688e+02 2.200254821777343750e+02 1.616095542907714844e+01 5.589813232421875000e+00 1.897918343544006348e+00
7.167443847656250000e+01 6.201990127563476562e+01 1.802264099121093750e+02 1.698542938232421875e+02 1.449030914306640625e+02
6.238949203491210938e+01 4.825480651855468750e+01 1.605424499511718750e+02 1.455051116943359375e+02 1.085147476196289062e+02
