1.783600000000000000e+04
7.676000000000000000e+03
7.221000000000000000e+03
5.574000000000000000e+03
1.748800000000000000e+04
4.433000000000000000e+03
7.516000000000000000e+03
6.578000000000000000e+03
5.827000000000000000e+03
5.143000000000000000e+03
1.530200000000000000e+04
1.427300000000000000e+04
9.264000000000000000e+03
1.689400000000000000e+04
4.559000000000000000e+03
5.102000000000000000e+03
4.982000000000000000e+03
7.153000000000000000e+03
9.374000000000000000e+03
5.353000000000000000e+03
1.081600000000000000e+04
8.239000000000000000e+03
1.414200000000000000e+04
2.856000000000000000e+03
6.986000000000000000e+03
7.704000000000000000e+03
4.312000000000000000e+03
1.617700000000000000e+04
1.087900000000000000e+04
7.632000000000000000e+03
4.270000000000000000e+03
9.284000000000000000e+03
1.220300000000000000e+04
9.946000000000000000e+03
1.399600000000000000e+04
1.836000000000000000e+03
9.081000000000000000e+03
8.687000000000000000e+03
2.481800000000000000e+04
3.085000000000000000e+03
1.683700000000000000e+04
4.516000000000000000e+03
7.381000000000000000e+03
8.425000000000000000e+03
6.398000000000000000e+03
1.189100000000000000e+04
4.800000000000000000e+03
1.431000000000000000e+04
5.739000000000000000e+03
4.806000000000000000e+03
