3.162239265441894531e+01 3.126932144165039062e+01 1.150571899414062500e+02 1.027753982543945312e+02 8.020172882080078125e+01
1.116975250244140625e+02 1.827317504882812500e+02 2.109236526489257812e+01 5.933038234710693359e+00 2.057191133499145508e+00
1.127622833251953125e+02 1.520686340332031250e+02 7.794529724121093750e+01 4.565918731689453125e+01 1.052111911773681641e+01
1.393408050537109375e+02 1.201754989624023438e+02 1.081715087890625000e+02 7.810494995117187500e+01 3.238643646240234375e+01
5.369726181030273438e+01 1.576880493164062500e+02 5.050160217285156250e+01 3.132056236267089844e+01 9.639009475708007812e+00
1.685968170166015625e+02 1.334129333496093750e+02 1.632641601562500000e+02 1.461112060546875000e+02 1.296776428222656250e+02
1.546937255859375000e+02 1.583561248779296875e+02 7.677634429931640625e+01 3.907783508300781250e+01 5.741617679595947266e+00
7.789112091064453125e+01 7.908427429199218750e+01 1.895728149414062500e+02 1.813268432617187500e+02 1.686397094726562500e+02
1.511356353759765625e+02 7.824638366699218750e+01 1.983174896240234375e+02 1.766692962646484375e+02 1.278366241455078125e+02
1.478755950927734375e+02 3.664052200317382812e+01 1.824429321289062500e+02 1.553521270751953125e+02 8.907621765136718750e+01
9.243119049072265625e+01 1.264527969360351562e+02 1.531492614746093750e+01 4.928963661193847656e+00 1.876421332359313965e+00
1.438293304443359375e+02 1.155652770996093750e+02 2.959265708923339844e+01 1.050059509277343750e+01 2.357177972793579102e+00
9.625370025634765625e+01 1.203865509033203125e+02 9.043976593017578125e+01 5.956368637084960938e+01 1.710535430908203125e+01
3.618921661376953125e+01 1.243206024169921875e+02 9.336172485351562500e+01 7.455943298339843750e+01 4.598034667968750000e+01
1.565689544677734375e+02 5.853574752807617188e+01 1.915045013427734375e+02 1.612581634521484375e+02 9.164115142822265625e+01
8.229292297363281250e+01 9.254486846923828125e+01 1.948247680664062500e+02 1.880294036865234375e+02 1.813506469726562500e+02
1.982985877990722656e+01 4.223118209838867188e+01 1.884317474365234375e+02 1.869010467529296875e+02 1.826858673095703125e+02
1.191269073486328125e+02 1.080949687957763672e+01 6.959737396240234375e+01 4.839451980590820312e+01 1.198727798461914062e+01
1.634420471191406250e+02 2.252447319030761719e+01 1.632408752441406250e+02 1.337296752929687500e+02 5.534083557128906250e+01
3.301200103759765625e+01 7.551696014404296875e+01 1.449000549316406250e+02 1.326814880371093750e+02 1.075617446899414062e+02
4.541131973266601562e+01 2.383521842956542969e+01 8.898224639892578125e+01 7.598908996582031250e+01 4.734282684326171875e+01
1.082239379882812500e+02 4.582295227050781250e+01 1.448560485839843750e+02 1.240321655273437500e+02 7.484998321533203125e+01
4.896722412109375000e+01 2.092086029052734375e+02 2.374091339111328125e+01 1.270074939727783203e+01 2.130108833312988281e+00
7.417704772949218750e+01 1.392294769287109375e+02 1.490472717285156250e+02 1.253883056640625000e+02 8.493276977539062500e+01
9.203218841552734375e+01 2.019712982177734375e+02 3.109833908081054688e+01 1.526581764221191406e+01 3.817205905914306641e+00
2.889957046508789062e+01 8.693955993652343750e+01 7.008735656738281250e+01 5.637409210205078125e+01 3.264044570922851562e+01
9.948699188232421875e+01 4.999772262573242188e+01 9.255635070800781250e+01 6.987036132812500000e+01 2.783487892150878906e+01
3.884030914306640625e+01 2.146013031005859375e+02 7.089305877685546875e+01 5.083625030517578125e+01 2.034573745727539062e+01
1.624857025146484375e+02 1.941059112548828125e+02 4.782544326782226562e+01 1.621371459960937500e+01 2.803566455841064453e+00
1.363972930908203125e+02 2.275869293212890625e+02 8.588967132568359375e+01 5.280843734741210938e+01 7.019129753112792969e+00
1.706470489501953125e+02 6.759335327148437500e+01 1.594674530029296875e+02 1.229552688598632812e+02 3.643887710571289062e+01
1.479740810394287109e+01 7.246440887451171875e+01 2.315178833007812500e+02 2.298158111572265625e+02 2.170316619873046875e+02
1.629871826171875000e+02 2.197900238037109375e+02 2.128615951538085938e+01 4.140293598175048828e+00 1.620093464851379395e+00
6.684540557861328125e+01 1.841922187805175781e+01 3.806314086914062500e+01 2.951960563659667969e+01 1.055881786346435547e+01
8.966141510009765625e+01 2.338802337646484375e+02 8.112181854248046875e+01 5.489239883422851562e+01 1.059266948699951172e+01
2.157891845703125000e+01 8.241368865966796875e+01 1.782679748535156250e+02 1.708524017333984375e+02 1.569025115966796875e+02
1.159244003295898438e+02 2.162589569091796875e+02 1.264697723388671875e+02 1.031134262084960938e+02 6.230921554565429688e+01
1.262670364379882812e+02 1.731939392089843750e+02 5.951295089721679688e+01 2.713307189941406250e+01 3.634396314620971680e+00
2.015634918212890625e+01 1.597474975585937500e+02 9.829003143310546875e+01 8.167604064941406250e+01 7.052285003662109375e+01
9.707462310791015625e+01 6.497467803955078125e+01 1.706097259521484375e+02 1.577948150634765625e+02 1.322619171142578125e+02
3.030049896240234375e+01 2.376691589355468750e+02 1.146219635009765625e+02 9.797344970703125000e+01 7.627992248535156250e+01
6.011146545410156250e+01 9.552711486816406250e+01 1.752291870117187500e+02 1.649951324462890625e+02 1.460673217773437500e+02
1.213506164550781250e+02 8.448148345947265625e+01 1.965248565673828125e+02 1.772135162353515625e+02 1.299006958007812500e+02
1.566606140136718750e+02 1.391302032470703125e+02 1.313557281494140625e+02 1.000263519287109375e+02 4.459263992309570312e+01
1.304007110595703125e+02 5.860387039184570312e+01 1.900014038085937500e+02 1.673451080322265625e+02 1.079463882446289062e+02
1.233255310058593750e+02 1.798694419860839844e+01 1.150157241821289062e+02 9.063947296142578125e+01 3.388461685180664062e+01
1.638486175537109375e+02 7.309821319580078125e+01 1.765722961425781250e+02 1.459304199218750000e+02 7.493937683105468750e+01
1.250615844726562500e+02 2.186143951416015625e+02 1.494661045074462891e+01 4.667155742645263672e+00 1.735080361366271973e+00
7.621242523193359375e+01 6.233518600463867188e+01 1.818829040527343750e+02 1.722838439941406250e+02 1.499770050048828125e+02
6.780388641357421875e+01 4.800120544433593750e+01 1.632062072753906250e+02 1.486464843750000000e+02 1.117309646606445312e+02
