2.456357383728027344e+01 2.216924095153808594e+01 1.104234390258789062e+02 9.947225952148437500e+01 8.132286071777343750e+01
1.232235031127929688e+02 1.872190399169921875e+02 1.925272560119628906e+01 5.311619281768798828e+00 1.842462062835693359e+00
8.840412139892578125e+01 1.695978851318359375e+02 8.784593963623046875e+01 5.612777709960937500e+01 1.583864688873291016e+01
1.443448638916015625e+02 1.126841506958007812e+02 1.034691925048828125e+02 6.936911010742187500e+01 1.927950096130371094e+01
5.329307937622070312e+01 1.505650177001953125e+02 4.257601547241210938e+01 2.528557014465332031e+01 7.076768875122070312e+00
1.677273712158203125e+02 1.381036834716796875e+02 1.595807647705078125e+02 1.417425689697265625e+02 1.242090988159179688e+02
1.469819030761718750e+02 1.562007751464843750e+02 7.667680358886718750e+01 4.035418319702148438e+01 6.450820446014404297e+00
8.242074584960937500e+01 7.229473876953125000e+01 1.893271026611328125e+02 1.808601684570312500e+02 1.666095123291015625e+02
1.621330108642578125e+02 9.226170349121093750e+01 1.938179473876953125e+02 1.788021545410156250e+02 1.527619323730468750e+02
1.536472473144531250e+02 3.495638275146484375e+01 1.792809600830078125e+02 1.507521362304687500e+02 8.090027618408203125e+01
9.525588989257812500e+01 1.267884140014648438e+02 1.400659561157226562e+01 3.995716333389282227e+00 1.767933607101440430e+00
1.437964477539062500e+02 1.148390197753906250e+02 3.147602462768554688e+01 1.161897182464599609e+01 2.510374069213867188e+00
8.940798950195312500e+01 1.179044418334960938e+02 8.719659423828125000e+01 5.886047363281250000e+01 1.883671569824218750e+01
2.566827011108398438e+01 1.212277603149414062e+02 9.650932312011718750e+01 8.020698547363281250e+01 6.177523803710937500e+01
1.558461608886718750e+02 6.860895538330078125e+01 1.910564575195312500e+02 1.625064392089843750e+02 9.579783630371093750e+01
7.993428039550781250e+01 9.161598205566406250e+01 1.931265869140625000e+02 1.863304748535156250e+02 1.795589904785156250e+02
1.881679916381835938e+01 4.663066864013671875e+01 1.983889007568359375e+02 1.963928222656250000e+02 1.881764221191406250e+02
1.201577758789062500e+02 1.025123596191406250e+01 7.467176818847656250e+01 5.305221939086914062e+01 1.380231475830078125e+01
1.655590362548828125e+02 2.253834533691406250e+01 1.592118530273437500e+02 1.287193756103515625e+02 4.733869934082031250e+01
3.786973953247070312e+01 8.042105102539062500e+01 1.326107482910156250e+02 1.186223983764648438e+02 8.999678039550781250e+01
4.606884384155273438e+01 2.658647537231445312e+01 8.987918090820312500e+01 7.657015991210937500e+01 4.727878570556640625e+01
1.039125671386718750e+02 4.248117828369140625e+01 1.402936096191406250e+02 1.192931976318359375e+02 6.982659149169921875e+01
4.725064086914062500e+01 2.136289062500000000e+02 2.798252105712890625e+01 1.601725387573242188e+01 2.748987197875976562e+00
8.488508605957031250e+01 1.595730133056640625e+02 1.313836059570312500e+02 1.017994766235351562e+02 5.135353088378906250e+01
8.143891906738281250e+01 1.918952789306640625e+02 2.080492973327636719e+01 8.509077072143554688e+00 2.442072868347167969e+00
2.831236267089843750e+01 9.058180236816406250e+01 7.259461975097656250e+01 5.808558654785156250e+01 3.330008316040039062e+01
9.731757354736328125e+01 5.025312805175781250e+01 9.201804351806640625e+01 6.972839355468750000e+01 2.811823272705078125e+01
1.948396492004394531e+01 2.048869323730468750e+02 7.965503692626953125e+01 6.032069396972656250e+01 3.308914566040039062e+01
1.628322601318359375e+02 1.843152618408203125e+02 4.888196563720703125e+01 1.597576332092285156e+01 2.760591506958007812e+00
1.469747772216796875e+02 2.394420166015625000e+02 8.709056091308593750e+01 5.549467468261718750e+01 8.005030632019042969e+00
1.685531158447265625e+02 9.648587036132812500e+01 1.512567138671875000e+02 1.135927810668945312e+02 2.795993614196777344e+01
1.401224613189697266e+01 7.607271575927734375e+01 2.341828765869140625e+02 2.331549835205078125e+02 2.221890716552734375e+02
1.616900634765625000e+02 2.201871795654296875e+02 2.269171714782714844e+01 5.109831809997558594e+00 1.623877763748168945e+00
6.879497528076171875e+01 1.865770530700683594e+01 3.896910476684570312e+01 2.994220161437988281e+01 1.068689155578613281e+01
8.529879760742187500e+01 2.296122741699218750e+02 7.698178100585937500e+01 5.174330520629882812e+01 1.048660755157470703e+01
2.038666152954101562e+01 6.936538696289062500e+01 1.696826629638671875e+02 1.631376647949218750e+02 1.512046661376953125e+02
1.393680572509765625e+02 2.470582122802734375e+02 1.352287445068359375e+02 1.214543151855468750e+02 9.555610656738281250e+01
1.215051574707031250e+02 1.737169189453125000e+02 5.799418258666992188e+01 2.743874359130859375e+01 4.422661781311035156e+00
2.011694908142089844e+01 1.716151733398437500e+02 9.871631622314453125e+01 8.233372497558593750e+01 7.273903656005859375e+01
9.925203704833984375e+01 5.855233764648437500e+01 1.668523864746093750e+02 1.523106689453125000e+02 1.187230834960937500e+02
3.374568176269531250e+01 2.434258422851562500e+02 1.198541107177734375e+02 1.038789062500000000e+02 8.384821319580078125e+01
6.179445648193359375e+01 1.034989318847656250e+02 1.742462768554687500e+02 1.637788696289062500e+02 1.455585479736328125e+02
1.218545913696289062e+02 8.440007019042968750e+01 1.954084777832031250e+02 1.760123291015625000e+02 1.284360046386718750e+02
1.553467559814453125e+02 1.442163696289062500e+02 1.228635482788085938e+02 9.415795135498046875e+01 4.841034317016601562e+01
1.359666595458984375e+02 5.721870803833007812e+01 1.935857543945312500e+02 1.695088958740234375e+02 1.092851867675781250e+02
1.216709899902343750e+02 1.778500175476074219e+01 1.143860549926757812e+02 8.996383666992187500e+01 3.359631347656250000e+01
1.648996429443359375e+02 7.277146911621093750e+01 1.720446014404296875e+02 1.408643188476562500e+02 6.854795074462890625e+01
1.215165405273437500e+02 2.227417907714843750e+02 1.823006629943847656e+01 6.865090847015380859e+00 2.174893379211425781e+00
6.915237426757812500e+01 6.138787078857421875e+01 1.790379943847656250e+02 1.680312347412109375e+02 1.412426300048828125e+02
5.760702133178710938e+01 4.892473983764648438e+01 1.570435028076171875e+02 1.414364929199218750e+02 1.038412399291992188e+02
