1.495300000000000000e+04
7.048000000000000000e+03
1.048300000000000000e+04
5.546000000000000000e+03
1.450800000000000000e+04
3.984000000000000000e+03
8.120000000000000000e+03
7.094000000000000000e+03
4.277000000000000000e+03
6.673000000000000000e+03
1.504900000000000000e+04
1.481500000000000000e+04
1.008800000000000000e+04
1.833700000000000000e+04
5.460000000000000000e+03
5.301000000000000000e+03
5.397000000000000000e+03
7.799000000000000000e+03
9.241000000000000000e+03
6.219000000000000000e+03
9.724000000000000000e+03
9.593000000000000000e+03
1.451500000000000000e+04
5.046000000000000000e+03
7.550000000000000000e+03
8.029000000000000000e+03
4.351000000000000000e+03
1.613900000000000000e+04
1.041000000000000000e+04
6.766000000000000000e+03
3.833000000000000000e+03
8.259000000000000000e+03
1.320200000000000000e+04
1.054000000000000000e+04
2.016900000000000000e+04
2.663000000000000000e+03
4.853000000000000000e+03
8.839000000000000000e+03
1.891800000000000000e+04
3.614000000000000000e+03
1.451100000000000000e+04
4.725000000000000000e+03
7.544000000000000000e+03
7.547000000000000000e+03
8.026000000000000000e+03
1.040300000000000000e+04
4.554000000000000000e+03
1.397900000000000000e+04
5.923000000000000000e+03
4.983000000000000000e+03
