1.604900000000000000e+04
7.360000000000000000e+03
8.969000000000000000e+03
5.806000000000000000e+03
1.527300000000000000e+04
4.149000000000000000e+03
7.721000000000000000e+03
6.878000000000000000e+03
5.084000000000000000e+03
5.967000000000000000e+03
1.538200000000000000e+04
1.466800000000000000e+04
1.030800000000000000e+04
1.797400000000000000e+04
5.043000000000000000e+03
5.161000000000000000e+03
5.211000000000000000e+03
7.654000000000000000e+03
9.482000000000000000e+03
5.735000000000000000e+03
1.010000000000000000e+04
9.318000000000000000e+03
1.443200000000000000e+04
3.821000000000000000e+03
7.380000000000000000e+03
7.868000000000000000e+03
4.305000000000000000e+03
1.558200000000000000e+04
1.018900000000000000e+04
7.136000000000000000e+03
3.772000000000000000e+03
8.673000000000000000e+03
1.309700000000000000e+04
1.030800000000000000e+04
1.804900000000000000e+04
2.306000000000000000e+03
5.808000000000000000e+03
8.790000000000000000e+03
2.160400000000000000e+04
3.329000000000000000e+03
1.594300000000000000e+04
4.646000000000000000e+03
7.366000000000000000e+03
8.142000000000000000e+03
7.350000000000000000e+03
1.096800000000000000e+04
4.662000000000000000e+03
1.395200000000000000e+04
5.745000000000000000e+03
5.085000000000000000e+03
