1.431700000000000000e+04
7.104000000000000000e+03
1.159400000000000000e+04
5.214000000000000000e+03
1.423700000000000000e+04
3.910000000000000000e+03
8.457000000000000000e+03
7.111000000000000000e+03
3.575000000000000000e+03
7.184000000000000000e+03
1.476900000000000000e+04
1.464600000000000000e+04
9.585000000000000000e+03
1.826600000000000000e+04
5.690000000000000000e+03
5.651000000000000000e+03
5.655000000000000000e+03
7.819000000000000000e+03
8.940000000000000000e+03
6.427000000000000000e+03
9.637000000000000000e+03
9.630000000000000000e+03
1.391900000000000000e+04
6.359000000000000000e+03
8.289000000000000000e+03
8.185000000000000000e+03
4.294000000000000000e+03
1.716900000000000000e+04
1.045000000000000000e+04
6.756000000000000000e+03
3.854000000000000000e+03
7.946000000000000000e+03
1.345000000000000000e+04
1.067500000000000000e+04
2.037400000000000000e+04
2.890000000000000000e+03
4.457000000000000000e+03
9.126000000000000000e+03
1.711400000000000000e+04
3.956000000000000000e+03
1.331800000000000000e+04
4.859000000000000000e+03
7.799000000000000000e+03
7.149000000000000000e+03
8.474000000000000000e+03
1.012600000000000000e+04
4.673000000000000000e+03
1.365000000000000000e+04
6.006000000000000000e+03
4.865000000000000000e+03
