2.785252952575683594e+01 2.864462661743164062e+01 1.125013427734375000e+02 1.009394989013671875e+02 8.085357666015625000e+01
1.128851623535156250e+02 1.831575927734375000e+02 2.044660377502441406e+01 5.704212188720703125e+00 2.021059751510620117e+00
1.035247573852539062e+02 1.612267303466796875e+02 8.214260101318359375e+01 4.911885452270507812e+01 1.193176460266113281e+01
1.391893463134765625e+02 1.205579757690429688e+02 1.078773651123046875e+02 7.692060089111328125e+01 2.986651802062988281e+01
5.405694580078125000e+01 1.548892517089843750e+02 4.848019409179687500e+01 2.986937713623046875e+01 8.828717231750488281e+00
1.688466796875000000e+02 1.362351837158203125e+02 1.624555358886718750e+02 1.452000427246093750e+02 1.288459930419921875e+02
1.532208862304687500e+02 1.571847076416015625e+02 7.661701965332031250e+01 3.924362182617187500e+01 5.822173118591308594e+00
7.920822143554687500e+01 7.719892120361328125e+01 1.898044433593750000e+02 1.815036315917968750e+02 1.685417327880859375e+02
1.524837493896484375e+02 8.136107635498046875e+01 1.978147125244140625e+02 1.774870147705078125e+02 1.332370147705078125e+02
1.499978027343750000e+02 3.607324981689453125e+01 1.814110870361328125e+02 1.536376800537109375e+02 8.603603363037109375e+01
9.210507965087890625e+01 1.269278030395507812e+02 1.492094612121582031e+01 4.650890827178955078e+00 1.833961725234985352e+00
1.436286468505859375e+02 1.150792617797851562e+02 3.079199600219726562e+01 1.126390743255615234e+01 2.453095197677612305e+00
9.279766845703125000e+01 1.230712280273437500e+02 9.071080780029296875e+01 6.068878555297851562e+01 1.823564147949218750e+01
3.228451919555664062e+01 1.232876129150390625e+02 9.468943786621093750e+01 7.661906433105468750e+01 5.131184005737304688e+01
1.564750823974609375e+02 6.223664093017578125e+01 1.914971313476562500e+02 1.618728942871093750e+02 9.314733123779296875e+01
8.190116882324218750e+01 9.271485137939453125e+01 1.943832550048828125e+02 1.876888275146484375e+02 1.812032623291015625e+02
1.931487083435058594e+01 4.289021301269531250e+01 1.924540405273437500e+02 1.907758636474609375e+02 1.850395355224609375e+02
1.189117126464843750e+02 1.060593986511230469e+01 7.202286529541015625e+01 5.081121063232421875e+01 1.322524166107177734e+01
1.644730834960937500e+02 2.218992424011230469e+01 1.617086029052734375e+02 1.317034454345703125e+02 5.206053543090820312e+01
3.466627120971679688e+01 7.707965850830078125e+01 1.413079376220703125e+02 1.283412322998046875e+02 1.016223220825195312e+02
4.453959655761718750e+01 2.450120735168457031e+01 8.940445709228515625e+01 7.631990051269531250e+01 4.753297042846679688e+01
1.049688720703125000e+02 4.379669570922851562e+01 1.424673767089843750e+02 1.215404586791992188e+02 7.204378509521484375e+01
4.910353469848632812e+01 2.101656341552734375e+02 2.480854988098144531e+01 1.349889087677001953e+01 2.207594156265258789e+00
7.891354370117187500e+01 1.444658050537109375e+02 1.428576354980468750e+02 1.168877258300781250e+02 7.212718963623046875e+01
8.833918762207031250e+01 2.001519470214843750e+02 2.848739814758300781e+01 1.373509502410888672e+01 3.439837455749511719e+00
2.849674034118652344e+01 8.632991027832031250e+01 7.152770996093750000e+01 5.781138610839843750e+01 3.409926223754882812e+01
9.828125762939453125e+01 4.960954284667968750e+01 9.275191497802734375e+01 7.030243682861328125e+01 2.844506454467773438e+01
2.864362716674804688e+01 2.090479278564453125e+02 7.433140563964843750e+01 5.472975158691406250e+01 2.588961601257324219e+01
1.626496276855468750e+02 1.868110351562500000e+02 4.689311981201171875e+01 1.496349048614501953e+01 2.796349048614501953e+00
1.444107055664062500e+02 2.351743469238281250e+02 8.561336517333984375e+01 5.325980758666992188e+01 6.707539081573486328e+00
1.705932006835937500e+02 7.758650207519531250e+01 1.579453887939453125e+02 1.214416732788085938e+02 3.560206604003906250e+01
1.467780590057373047e+01 7.378728485107421875e+01 2.326052093505859375e+02 2.312199859619140625e+02 2.191569213867187500e+02
1.623693084716796875e+02 2.208534088134765625e+02 2.285057640075683594e+01 5.143086433410644531e+00 1.636710643768310547e+00
6.777588653564453125e+01 1.862841987609863281e+01 3.847700881958007812e+01 2.969324874877929688e+01 1.059565353393554688e+01
8.757594299316406250e+01 2.303571472167968750e+02 7.949271392822265625e+01 5.331292724609375000e+01 1.016017532348632812e+01
2.019935226440429688e+01 7.718267059326171875e+01 1.765403289794921875e+02 1.693716430664062500e+02 1.561183929443359375e+02
1.297666625976562500e+02 2.360337677001953125e+02 1.321175994873046875e+02 1.139846725463867188e+02 8.093112945556640625e+01
1.256287384033203125e+02 1.739753723144531250e+02 5.838623428344726562e+01 2.691217231750488281e+01 3.890557527542114258e+00
2.043411064147949219e+01 1.641523437500000000e+02 9.843691253662109375e+01 8.170500946044921875e+01 7.081549835205078125e+01
9.758185577392578125e+01 6.304693222045898438e+01 1.697281494140625000e+02 1.565401000976562500e+02 1.294094390869140625e+02
3.071594238281250000e+01 2.386136322021484375e+02 1.156738357543945312e+02 9.909772491455078125e+01 7.773719024658203125e+01
6.019595336914062500e+01 9.836110687255859375e+01 1.752324523925781250e+02 1.649184265136718750e+02 1.462124481201171875e+02
1.206653137207031250e+02 8.492546844482421875e+01 1.958408966064453125e+02 1.766640014648437500e+02 1.294660644531250000e+02
1.557919006347656250e+02 1.411787261962890625e+02 1.298659973144531250e+02 9.886231994628906250e+01 4.472869110107421875e+01
1.321085357666015625e+02 5.799064636230468750e+01 1.910217742919921875e+02 1.679374084472656250e+02 1.082492523193359375e+02
1.224885253906250000e+02 1.774805831909179688e+01 1.148555831909179688e+02 9.047237396240234375e+01 3.374079132080078125e+01
1.637829589843750000e+02 7.393062591552734375e+01 1.747631988525390625e+02 1.442350921630859375e+02 7.387666320800781250e+01
1.247152862548828125e+02 2.192019348144531250e+02 1.549935531616210938e+01 5.070885658264160156e+00 1.838231086730957031e+00
7.409413909912109375e+01 6.210933303833007812e+01 1.809646606445312500e+02 1.710466461181640625e+02 1.474275054931640625e+02
6.472795867919921875e+01 4.803608322143554688e+01 1.618609619140625000e+02 1.470747222900390625e+02 1.102350082397460938e+02
